	1	2	3	4	5	6	7	8	9	12	17	22	27	32	37	42	47	52	57	62	67	72	77	82	87	92	97	102	107	112	117	122	127	132	137	142	147	150
X2_lib_raw_1	0.0004183143604531181	0.0	0.0	0.0	0.0	0.0016732574418124725	0.0	0.0	0.0	0.0	0.0	0.0004183143604531181	0.00016732574418124727	0.0002509886162718709	0.00011155049612083148	2.788762403020787e-05	0.00011155049612083148	5.577524806041574e-05	0.0	5.577524806041574e-05	8.366287209062363e-05	0.00022310099224166297	0.0	0.00013943812015103938	0.0	0.00013943812015103938	0.00033465148836249453	0.0016453698177822647	0.009342354050119638	0.017262439274698674	0.012856194677925831	0.016453698177822645	0.02855692700693286	0.014780440736010174	0.0015059316976312252	0.00013943812015103938	0.00016732574418124727	0.00027887624030207875
	1	2	3	4	5	6	7	8	9	12	17	22	27	32	37	42	47	52	57	62	67	72	77	82	87	92	97	102	107	112	117	122	127	132	137	142	147
X2_lib_raw_2	0.018266393739786158	0.007669096608307165	0.0092029159299686	0.0008366287209062363	0.001115504961208315	0.001115504961208315	0.00027887624030207875	0.0004183143604531181	0.0	5.577524806041574e-05	0.0007529658488156126	5.577524806041574e-05	0.0005019772325437418	8.366287209062363e-05	0.0008366287209062363	0.0012828307053895623	0.0011991678332989386	0.0011712802092687306	0.0011433925852385228	0.003067638643322866	0.00407159310841035	0.006469928775008227	0.012884082301956038	0.015951720945278903	0.018545269980088236	0.01910302246069239	0.01918668533278302	0.02033007791802154	0.02116670663892778	0.021668683871471518	0.02286785170477046	0.02024641504593092	0.03279584585952446	0.03421811468506506	0.03605869787105878	0.030118633952624506	0.02540562549151937
	1	2	3	4	5	6	7	8	9	12	17	22	27	32	37	42	47	52	57	62	67	72	77	82	87	92	97	102	107	112	117	122	127	132	137	142	147	150
X2_neg_raw_1	0.0	0.0	0.0	0.0	0.0	0.0015651595484514702	0.0	0.0	0.0	0.0	0.0	0.00039128988711286755	7.825797742257352e-05	0.0	7.825797742257352e-05	0.0	0.00015651595484514704	0.0	0.0	0.0	7.825797742257352e-05	7.825797742257352e-05	7.825797742257352e-05	0.00015651595484514704	0.0	0.00015651595484514704	0.00023477393226772054	0.0018781914581417643	0.007434507855144485	0.014555983800598672	0.011347406726273159	0.01361688807152779	0.023242619294504333	0.011816954590808601	0.0017216755032966175	0.00015651595484514704	0.00015651595484514704	0.00039128988711286755
	1	2	3	4	5	6	7	8	9	12	17	22	27	32	37	42	47	52	57	62	67	72	77	82	87	92	97	102	107	112	117	122	127	132	137	142	147
X2_neg_raw_2	0.019564494355643378	0.007043217968031617	0.008999667403595955	0.00039128988711286755	0.00039128988711286755	0.00039128988711286755	0.00039128988711286755	0.00039128988711286755	0.0	0.00015651595484514704	0.0007043217968031616	0.0	0.0004695478645354411	0.00015651595484514704	0.0010173537064934557	0.0013303856161837498	0.0011738696613386027	0.0013303856161837498	0.0014086435936063232	0.002973803142057793	0.004069414825973823	0.006730186058341322	0.012521276387611762	0.015573337507092128	0.016434175258740438	0.01893843053626279	0.01799933480719191	0.018312366716882203	0.02026881615244654	0.01964275233306595	0.021364427836362568	0.02003404222017882	0.032085770743255144	0.03435525208850977	0.036468217478919256	0.029894547375423082	0.023242619294504333
	1	2	3	4	5	6	7	8	9	12	17	22	27	32	37	42	47	52	57	62	67	72	77	82	87	92	97	102	107	112	117	122	127	132	137	142	147	150
X2rL41_post_raw_1	0.0005813231059221565	0.00010899808236040435	0.0	0.0	0.0	0.0020709635648476824	0.0	0.0	0.0	1.4533077648053914e-05	0.0	0.00033426078590524	0.00011626462118443131	0.00019619654824872782	8.719846588832347e-05	5.08657717681887e-05	0.00011626462118443131	5.08657717681887e-05	5.8132310592215655e-05	0.00014533077648053912	0.00019619654824872782	0.00026159539766497044	0.00021072962589678172	0.0003705934800253747	2.9066155296107827e-05	0.00015259731530456607	0.00026886193648899737	0.001983765098959359	0.008298387337038783	0.01615351580581192	0.011466598264314537	0.015172533064568283	0.025890677830008046	0.012643777553806903	0.0016131716189339844	0.0002034630870727548	9.446500471235042e-05	7.266538824026956e-05
	1	2	3	4	5	6	7	8	9	12	17	22	27	32	37	42	47	52	57	62	67	72	77	82	87	92	97	102	107	112	117	122	127	132	137	142	147
X2rL41_post_raw_2	0.018784002860109682	0.007593533071108168	0.00904684083591356	0.0010536481294839087	0.0005449904118020217	0.0010899808236040434	0.0002179961647208087	0.0005449904118020217	0.00010899808236040435	9.446500471235042e-05	0.0008211188871150459	4.3599232944161736e-05	0.0006031227223942373	0.00013079769883248522	0.0010100488965397469	0.0016277046965820384	0.0015041735365735798	0.0015187066142216337	0.0017439693177664695	0.003945730581446637	0.0048467813956259796	0.007964126551133544	0.013915421848011622	0.01716356470235167	0.019103730568366867	0.020687836032004744	0.019968448688426073	0.02090583219672555	0.02281693190744464	0.022969529222749207	0.024241173516953925	0.021843215705025027	0.035329911762419064	0.0365797564401517	0.03995869699332423	0.03184197312688612	0.026094140917080802
	1	2	3	4	5	6	7	8	9	12	17	22	27	32	37	42	47	52	57	62	67	72	77	82	87	92	97	102	107	112	117	122	127	132	137	142	147	150
X2rL41_pre_raw_1	0.00027830180240174455	7.951480068621272e-05	0.0	0.0	0.0	0.001987870017155318	0.0	0.0	0.0	0.0	0.0	0.0003101077226762297	0.00011132072096069782	0.00013517516116656164	0.00015107812130380418	6.361184054897019e-05	0.00020673848178415308	7.951480068621272e-05	4.770888041172764e-05	0.00012722368109794037	0.00019083552164691055	0.00027830180240174455	0.00010336924089207654	0.00027830180240174455	5.566036048034891e-05	0.000174932561509668	0.0003180592027448509	0.0019322096566749692	0.00819002447067991	0.01599042641799738	0.011489888699157739	0.014829510327978674	0.025444736219588076	0.012666707749313687	0.0015902960137242547	0.00022264144192139565	7.951480068621272e-05	0.00023854440205863818
	1	2	3	4	5	6	7	8	9	12	17	22	27	32	37	42	47	52	57	62	67	72	77	82	87	92	97	102	107	112	117	122	127	132	137	142	147
X2rL41_pre_raw_2	0.01824864675748582	0.008030994869307485	0.00942250388131621	0.000993935008577659	0.00047708880411727637	0.0007951480068621274	0.00015902960137242545	0.0005168462044603827	0.00015902960137242545	0.00011132072096069782	0.0008269539271366123	9.541776082345527e-05	0.0005327491645976254	0.00012722368109794037	0.0008985172477542039	0.0012165764504990548	0.0012563338508421612	0.001224527930567676	0.0012960912511852675	0.0031010772267622963	0.0038405648731440747	0.006297572214348048	0.011839753822177074	0.015250938771615603	0.01779541239357441	0.0186144148406424	0.018590560400436537	0.019648107249563167	0.020824926299719115	0.021532608025826405	0.023075195159138934	0.019918457571896288	0.034143655414659746	0.03524095966412948	0.038842980135214915	0.030915354506799508	0.02497559889553942
	1	2	3	4	5	6	7	8	9	12	17	22	27	32	37	42	47	52	57	62	67	72	77	82	87	92	97	102	107	112	117	122	127	132	137	142	147	150
X2rL42_post_raw_1	0.00013433174657689128	0.00013433174657689128	0.0	0.0	0.0	0.0018358672032175141	0.0	0.0	0.0	0.0	0.0	0.0003492625410999173	8.95544977179275e-05	8.059904794613475e-05	9.850994748972026e-05	4.477724885896375e-05	0.00010746539726151301	5.3732698630756504e-05	2.6866349315378252e-05	8.95544977179275e-05	0.00014328719634868403	0.00025075259361019705	8.059904794613475e-05	0.000322396191784539	8.955449771792752e-06	0.00017015354566406226	0.0002955298424691608	0.0017821345045867575	0.008453944584572357	0.016281007685119222	0.011239089463599902	0.015027244717068237	0.025361833753717075	0.012573451479597021	0.0015582482602919385	0.00017015354566406226	8.95544977179275e-05	0.0004029952397306738
	1	2	3	4	5	6	7	8	9	12	17	22	27	32	37	42	47	52	57	62	67	72	77	82	87	92	97	102	107	112	117	122	127	132	137	142	147
X2rL42_post_raw_2	0.02095575246599504	0.008865895274074824	0.00868678627863897	0.00143287196348684	0.0008507677283203113	0.0010298767237561664	0.000179108995435855	0.0005373269863075651	0.000179108995435855	0.00011642084703330576	0.0007970350296895548	0.00010746539726151301	0.000608970584481907	0.00010746539726151301	0.0011373421210176793	0.001441827413258633	0.0013970501643996692	0.0015582482602919385	0.0015582482602919385	0.0037791998036965408	0.00462101208224506	0.007433023310587983	0.013442130107460919	0.016943710968231884	0.01887808811893912	0.020525890876948987	0.019639301349541505	0.020427380929459265	0.02242444622856905	0.022648332472863866	0.024117026235437877	0.02144830220344364	0.03535611569903778	0.03597404173329148	0.039045761005016395	0.031953044785756536	0.025818561692078502
	1	2	3	4	5	6	7	8	9	12	17	22	27	32	37	42	47	52	57	62	67	72	77	82	87	92	97	102	107	112	117	122	127	132	137	142	147	150
X2rL42_pre_raw_1	0.00034154340428454815	3.7949267142727575e-05	0.0	0.0	0.0	0.002239006761420927	0.0	0.0	0.0	0.0	0.0	0.0003187738439989116	0.00012143765485672823	0.00012143765485672823	0.00011384780142818272	4.5539120571273084e-05	9.866809457109169e-05	4.5539120571273084e-05	2.2769560285636542e-05	0.00012143765485672823	0.00017456662885654683	0.00023528545628491096	0.00017456662885654683	0.0002884144302847296	2.2769560285636542e-05	0.00013661736171381925	0.00024287530971345647	0.0019657720379932884	0.009176132795111527	0.016978502119656316	0.012508078450243007	0.01585520381223158	0.026124275501053663	0.01341886086166847	0.0014648417117092843	0.00017456662885654683	7.589853428545515e-05	0.000265644869999093
	1	2	3	4	5	6	7	8	9	12	17	22	27	32	37	42	47	52	57	62	67	72	77	82	87	92	97	102	107	112	117	122	127	132	137	142	147
X2rL42_pre_raw_2	0.020113111585645615	0.00831088950425734	0.008424737305685522	0.0011764272814245547	0.0007589853428545515	0.0011764272814245547	0.00011384780142818272	0.000531289739998186	0.00018974633571363787	0.00017456662885654683	0.0007741650497116426	0.0001442072151423648	0.000500930326284004	6.830868085690963e-05	0.001001860652568008	0.0015407402459947394	0.0014648417117092843	0.001328224349995465	0.001487611271994921	0.003453383309988209	0.004295857040556761	0.006975075300833328	0.013001418923098466	0.016371313845372673	0.018549601779365238	0.019862646422503613	0.01922509873450579	0.020902456342214347	0.022276219812781085	0.022109243037353083	0.023710702110776187	0.021851188020782536	0.03497404459873773	0.036203600854162105	0.039269901639294495	0.03162691923674916	0.026184994328482022

