	24.0	25.0	26.0	27.0	28.0	29.0	30.0	31.0	32.0	33.0	34.0	35.0	36.0	37.0	38.0	39.0	40.0	41.0	42.0	43.0	44.0	45.0	46.0	47.0	48.0	49.0	50.0	51.0	52.0	53.0	54.0	55.0	56.0	57.0	58.0	59.0	60.0
X2_lib_merged	1.0	0.0	3.0	14.0	41.0	103.0	258.0	647.0	1399.0	2718.0	4403.0	6613.0	9204.0	12998.0	19339.0	29778.0	56175.0	222235.0	266582.0	4887.0	3227.0	3119.0	2668.0	2185.0	1653.0	1385.0	1308.0	696.0	649.0	431.0	292.0	180.0	133.0	51.0	80.0	177.0	1.0
	25.0	26.0	27.0	28.0	29.0	30.0	31.0	32.0	33.0	34.0	35.0	36.0	37.0	38.0	39.0	40.0	41.0	42.0	43.0	44.0	45.0	46.0	47.0	48.0	49.0	50.0	51.0	52.0	53.0	54.0	55.0	56.0	57.0	58.0	59.0
X2_neg_merged	1.0	3.0	4.0	15.0	38.0	101.0	234.0	540.0	1002.0	1676.0	2488.0	3680.0	5235.0	7779.0	11979.0	23060.0	91551.0	86480.0	5.0	1.0	1.0	0.0	3.0	1.0	1.0	0.0	1.0	0.0	0.0	0.0	1.0	0.0	0.0	0.0	3.0
	23.0	24.0	25.0	26.0	27.0	28.0	29.0	30.0	31.0	32.0	33.0	34.0	35.0	36.0	37.0	38.0	39.0	40.0	41.0	42.0	43.0	44.0	45.0	46.0	47.0	48.0	49.0	50.0	51.0	52.0	53.0	54.0	55.0	56.0	57.0	58.0	59.0	60.0
X2rL41_post_merged	1.0	0.0	6.0	15.0	57.0	137.0	435.0	1008.0	2564.0	5892.0	11455.0	18925.0	28652.0	41272.0	59905.0	86143.0	133594.0	255987.0	1027624.0	761469.0	26865.0	12646.0	10789.0	13156.0	6604.0	3950.0	4498.0	3820.0	2968.0	1455.0	1006.0	762.0	669.0	1143.0	1149.0	1431.0	3224.0	13.0
	24.0	25.0	26.0	27.0	28.0	29.0	30.0	31.0	32.0	33.0	34.0	35.0	36.0	37.0	38.0	39.0	40.0	41.0	42.0	43.0	44.0	45.0	46.0	47.0	48.0	49.0	50.0	51.0	52.0	53.0	54.0	55.0	56.0	57.0	58.0	59.0	60.0
X2rL41_pre_merged	3.0	4.0	33.0	78.0	167.0	355.0	778.0	2066.0	4846.0	9378.0	16329.0	25147.0	37151.0	54035.0	79581.0	125320.0	243301.0	890915.0	569971.0	51162.0	27365.0	29033.0	34171.0	15559.0	9663.0	8851.0	6632.0	5335.0	2784.0	2764.0	1765.0	1941.0	2777.0	2335.0	3798.0	6199.0	19.0
	20.0	21.0	22.0	23.0	24.0	25.0	26.0	27.0	28.0	29.0	30.0	31.0	32.0	33.0	34.0	35.0	36.0	37.0	38.0	39.0	40.0	41.0	42.0	43.0	44.0	45.0	46.0	47.0	48.0	49.0	50.0	51.0	52.0	53.0	54.0	55.0	56.0	57.0	58.0	59.0	60.0
X2rL42_post_merged	1.0	0.0	0.0	0.0	2.0	8.0	14.0	57.0	144.0	357.0	976.0	2344.0	4973.0	9340.0	15626.0	23539.0	33653.0	48463.0	69241.0	108443.0	205646.0	844494.0	638530.0	15808.0	8140.0	4585.0	6776.0	3032.0	1953.0	2328.0	2226.0	1380.0	722.0	607.0	283.0	269.0	426.0	599.0	1024.0	2306.0	26.0
	24.0	25.0	26.0	27.0	28.0	29.0	30.0	31.0	32.0	33.0	34.0	35.0	36.0	37.0	38.0	39.0	40.0	41.0	42.0	43.0	44.0	45.0	46.0	47.0	48.0	49.0	50.0	51.0	52.0	53.0	54.0	55.0	56.0	57.0	58.0	59.0	60.0
X2rL42_pre_merged	6.0	10.0	41.0	99.0	199.0	469.0	1152.0	2778.0	5940.0	11008.0	18137.0	26798.0	38241.0	55045.0	78354.0	121141.0	230597.0	899322.0	744973.0	40884.0	22596.0	17365.0	21799.0	9636.0	7084.0	6210.0	4632.0	3802.0	2185.0	2384.0	2275.0	1279.0	1538.0	1531.0	2452.0	5751.0	1530.0

