	1	2	3	4	5	6	7	8	9	12	17	22	27	32	37	42	47	52	57	62	67	72	77	82	87	92	97	102	107	112	117	122	127	132	137	142	147	150
X2_lib_raw_1	31.08427779420049	31.36452192246125	31.45719946901964	31.40164453318906	31.81150336603622	35.603641565945864	35.39262567557769	34.77143861097322	34.09902895293127	34.941543078012835	35.23035512100439	35.33346263895009	35.5947376053455	35.35205559676727	35.43421002727409	35.38356777529268	35.32129749959563	35.170787713828354	35.23050961844152	34.924424538878135	34.70275278736802	34.02022633595663	34.639514811117124	34.18057152896687	34.0408626199865	34.16626183132449	34.14944168976692	34.275020497403666	33.35310026716344	33.06927899336832	33.66091075402558	32.90418481686198	31.417285028250166	30.66273572014211	30.71935345332448	30.932582226659456	30.594458729105195	23.67019956383756
	1	2	3	4	5	6	7	8	9	12	17	22	27	32	37	42	47	52	57	62	67	72	77	82	87	92	97	102	107	112	117	122	127	132	137	142	147
X2_lib_raw_2	31.47469616433619	31.32783435866831	31.510502479209777	31.42276661962954	31.439382066026738	35.07945881276807	34.68900139995873	35.241529134200825	34.69111109871661	34.935159600872325	35.0405636646569	34.86913035233225	34.7003909844889	34.851152595501176	34.67979039661779	34.24553881678389	34.63512557797101	34.37833856691078	34.15869787105878	34.4802042489584	33.91248835691697	33.86271034240424	34.30070276812556	33.63311850566955	33.71335900853919	33.767312358121714	34.04714737493795	33.80055022282212	33.58999949802277	33.454437478735684	33.42702171330407	33.518648454189	32.915209910146075	32.193990217021486	33.09183115716907	32.42451963567608	31.183627733684354
	1	2	3	4	5	6	7	8	9	12	17	22	27	32	37	42	47	52	57	62	67	72	77	82	87	92	97	102	107	112	117	122	127	132	137	142	147	150
X2_neg_raw_1	31.064993250249447	31.279091424882125	31.43890204057676	31.35773286639407	31.806006299767184	35.53436894723456	35.26552540449592	34.78925517969988	34.41735370649346	35.1025414278168	35.15236436914288	35.228608768806374	35.5133355506427	35.23832058380451	35.36747598458318	35.32507502983585	35.24186175728288	35.095061530334746	35.173293682624774	34.846113513196244	34.556779684229056	33.86846399154813	34.47560894488682	34.04299728053529	33.9457993074169	34.21999178291237	34.090071801694286	34.29287735018489	33.124380881576116	32.67616457652652	33.20419854048872	33.25766047776495	30.507057695693856	30.520437462093792	30.348005399800446	30.964916166141688	30.25258231761	20.840025042552774
	1	2	3	4	5	6	7	8	9	12	17	22	27	32	37	42	47	52	57	62	67	72	77	82	87	92	97	102	107	112	117	122	127	132	137	142	147
X2_neg_raw_2	31.419435368692895	31.33464676305441	31.561880539197464	31.480899184160585	31.405016336352787	35.01159391935516	34.67622327000959	35.28921018136286	34.76046798270499	34.97518830825817	35.0529070882163	34.87158100678888	34.64580987224385	34.8391649873809	34.72459765617357	34.25525874043785	34.70229178486882	34.316718643006666	34.217907772973604	34.45269970457613	33.82265724962338	33.92032242286699	34.43270635650422	33.96257703519653	33.8263549390566	33.78362138790523	34.07750670083932	33.88834308297302	33.64054154520376	33.473665016727644	33.48282433040518	33.45909416391134	33.01121358558488	32.47023653473676	33.10491655743157	32.361673938137066	30.93401287343729
	1	2	3	4	5	6	7	8	9	12	17	22	27	32	37	42	47	52	57	62	67	72	77	82	87	92	97	102	107	112	117	122	127	132	137	142	147	150
X2rL41_post_raw_1	31.061704904405048	31.297304622754005	31.451279673819606	31.339655101001256	31.825954405375494	35.47341282442371	34.99219719061076	35.15152513750108	34.9137523607168	34.93762286808834	34.94814496163632	35.26370879781655	35.49788296657901	35.26442985646406	35.365562637201336	35.33648623608549	35.24600067869473	35.08445454816298	35.159424083198964	34.810688933279366	34.54782545192421	33.9346175729615	34.4491843673497	34.0349543043706	34.11037247551358	34.211547692837584	34.05883440357339	34.19745009886126	33.14339620584942	32.875945067873104	33.41602438941091	33.215958699899936	31.080503876335136	30.75698034619244	30.480133500851274	31.12177905216721	30.39148405249057	21.7289660950565
	1	2	3	4	5	6	7	8	9	12	17	22	27	32	37	42	47	52	57	62	67	72	77	82	87	92	97	102	107	112	117	122	127	132	137	142	147
X2rL41_post_raw_2	31.404496606889698	31.308007871114853	31.543921140614067	31.4473590127971	31.39619821955266	34.9835837988157	34.58624981924485	35.25123331330191	34.68690119178503	34.89894402657809	35.008675593367386	34.82342812048794	34.630407195036085	34.80931192417221	34.62724465200908	34.138957077281816	34.47897586855122	34.30842802238966	33.94453370983693	34.366056180518264	33.813975225462535	33.71177978608763	34.08521622676252	33.65048856573783	33.48489715304275	33.66111035619847	33.92116968022143	33.68836111210017	33.47133989889338	33.02330669662418	33.118586425669484	33.16303489900601	32.811721435780875	31.94808283272936	32.83891979993765	32.12355230563644	30.928460997942846
	1	2	3	4	5	6	7	8	9	12	17	22	27	32	37	42	47	52	57	62	67	72	77	82	87	92	97	102	107	112	117	122	127	132	137	142	147	150
X2rL41_pre_raw_1	31.07568815090319	31.122958507189132	31.369803459291404	31.32692828361339	31.795396093040267	35.46995155560768	35.19251169364538	34.802896724189	34.611726842805204	35.08416975614799	35.02027905719301	35.1636618156012	35.45688457035171	35.1499657092422	35.286941642099904	35.242598305142025	35.16625272586676	34.98203196097414	35.04262192103783	34.692796634933636	34.36823224682984	33.58681437866141	34.26293819115756	33.714214900676076	33.60382346919099	33.89998819205209	33.78260550123149	33.9298025051138	32.716334844777165	32.38032286984819	32.88531771132549	32.636147666936346	30.257245249487625	30.030737956986467	29.808212447644472	30.488526292562785	29.849292576696996	21.673647801117582
	1	2	3	4	5	6	7	8	9	12	17	22	27	32	37	42	47	52	57	62	67	72	77	82	87	92	97	102	107	112	117	122	127	132	137	142	147
X2rL41_pre_raw_2	31.366808534323557	31.278604356218356	31.553347473715387	31.51037886814657	31.355524588958176	34.91769025406967	34.619023518490174	35.28087728679597	34.84042771011289	34.959214314254424	35.010482356659665	34.822313363853766	34.5494791581768	34.778177321981275	34.740752249771894	34.191385366493655	34.59687761280666	34.19988247712458	34.10441621227271	34.39399241826376	33.83201440808189	33.76009096493199	34.15132302688992	33.503702725966164	33.52874177767264	33.50873195759476	33.54507077811196	33.33281381013059	33.275933851637305	32.77810186243541	32.92377083039294	32.65044124750771	32.454553196395594	31.80896298784815	32.52041411308197	31.857111664622476	30.297537625409745
	1	2	3	4	5	6	7	8	9	12	17	22	27	32	37	42	47	52	57	62	67	72	77	82	87	92	97	102	107	112	117	122	127	132	137	142	147	150
X2rL42_post_raw_1	31.04593071078957	31.320680327608265	31.417308287328442	31.315291385708086	31.810625820263226	35.520799703753724	35.17141715962686	34.99133336348335	34.74089152398023	35.114915435926676	34.95504668699852	35.276786444314794	35.494056760536196	35.269385123296395	35.374478848794844	35.3318197429159	35.24373349118806	35.08519328323356	35.16413996114231	34.817389423703375	34.56136072686012	33.92985840986138	34.47790318890134	34.03783399909639	34.04816214020921	34.19196803620868	34.0693578091746	34.229268559162165	33.217477813992616	32.87815841921983	33.45898892076532	33.21536674581792	31.01654913385129	30.735719303964537	30.533506680989415	31.086530690102485	30.422122199798775	21.638135797753705
	1	2	3	4	5	6	7	8	9	12	17	22	27	32	37	42	47	52	57	62	67	72	77	82	87	92	97	102	107	112	117	122	127	132	137	142	147
X2rL42_post_raw_2	31.423625013824974	31.325232382727265	31.528720351304383	31.421151070825516	31.398753490946262	35.0099714455484	34.636926364262024	35.24186878743658	34.66012097917097	34.90768346246345	35.01460669679578	34.828448239963066	34.640596397133	34.81231750472512	34.62175099640574	34.132932905322534	34.45795295433571	34.32232401085938	33.91568936589594	34.38248699108978	33.856378765374835	33.723967246338006	34.07065590161901	33.706307188942525	33.47346289779548	33.698180297383615	34.004721940001176	33.77211649069954	33.50511969630279	33.04398979616053	33.15200272962109	33.28526877767514	32.89741738261756	31.964793708975645	32.907519398623634	32.17148772857106	31.04474760632022
	1	2	3	4	5	6	7	8	9	12	17	22	27	32	37	42	47	52	57	62	67	72	77	82	87	92	97	102	107	112	117	122	127	132	137	142	147	150
X2rL42_pre_raw_1	31.062340399613372	31.313770992111486	31.413661432577246	31.36726086364183	31.81465312282622	35.52123887659543	35.31412961268598	34.936627759813014	34.81664318239518	35.09073457257931	35.12823535528294	35.23534754128596	35.47439149298869	35.22192109057086	35.34801276765144	35.296965235055865	35.21747806627232	35.0499945163309	35.1037915492295	34.76944613424098	34.47600539942174	33.71466530454097	34.39019891867358	33.87735722821589	33.72608006460483	33.99562019918052	33.94532831239229	34.126234366325036	33.034358127993	32.60039383749441	33.19262433223521	32.85774504695652	30.555462436487158	30.343394265941633	30.22687187606377	30.73087404372591	30.166902774357073	21.763168870064366
	1	2	3	4	5	6	7	8	9	12	17	22	27	32	37	42	47	52	57	62	67	72	77	82	87	92	97	102	107	112	117	122	127	132	137	142	147
X2rL42_pre_raw_2	31.368513568950213	31.26958438342118	31.520632447306493	31.44751787125863	31.356046855201157	34.93409730267994	34.597968879323986	35.21773012530468	34.74589512264634	34.89406917468313	34.979983431349964	34.78264344728107	34.598085383574116	34.78785889096303	34.65950088364869	34.17989743831062	34.51210828292089	34.263218925147726	34.04169144437567	34.34412630730482	33.78816567283861	33.75039658881627	34.129199266668365	33.596522177361976	33.573726052589336	33.63145614753461	33.77034044667046	33.54656098048763	33.420130720045606	33.03556127155851	33.12463905503289	33.05079160273796	32.71805402229975	32.01453031899774	32.79409342426484	32.11150587625427	30.80070623586152

