	19.0	20.0	21.0	22.0	23.0	24.0	25.0	26.0	27.0	28.0	29.0	30.0	31.0	32.0	33.0	34.0	35.0
X2_lib_raw_1	6.0	39.0	141.0	503.0	968.0	2187.0	3562.0	4950.0	6771.0	9611.0	12934.0	18230.0	27783.0	48736.0	114084.0	324658.0	142001.0
	11.0	12.0	13.0	14.0	15.0	16.0	17.0	18.0	19.0	20.0	21.0	22.0	23.0	24.0	25.0	26.0	27.0	28.0	29.0	30.0	31.0	32.0	33.0	34.0	35.0
X2_lib_raw_2	2.0	8.0	2.0	386.0	1530.0	607.0	1274.0	2475.0	1627.0	1498.0	1548.0	1928.0	2650.0	3720.0	4969.0	6484.0	8256.0	10694.0	13552.0	17613.0	23858.0	35714.0	62067.0	173856.0	340846.0
	19.0	20.0	21.0	22.0	23.0	24.0	25.0	26.0	27.0	28.0	29.0	30.0	31.0	32.0	33.0	34.0	35.0
X2_neg_raw_1	2.0	8.0	36.0	158.0	391.0	857.0	1382.0	1914.0	2719.0	3823.0	5082.0	7384.0	11299.0	20137.0	44907.0	115917.0	39549.0
	10.0	11.0	12.0	13.0	14.0	15.0	16.0	17.0	18.0	19.0	20.0	21.0	22.0	23.0	24.0	25.0	26.0	27.0	28.0	29.0	30.0	31.0	32.0	33.0	34.0	35.0
X2_neg_raw_2	1.0	0.0	1.0	4.0	136.0	584.0	215.0	255.0	584.0	515.0	468.0	489.0	610.0	819.0	1224.0	1697.0	2256.0	2898.0	3758.0	4966.0	6500.0	8916.0	13053.0	23105.0	63907.0	118604.0
	17.0	18.0	19.0	20.0	21.0	22.0	23.0	24.0	25.0	26.0	27.0	28.0	29.0	30.0	31.0	32.0	33.0	34.0	35.0
X2rL41_post_raw_1	3.0	1.0	8.0	102.0	435.0	1783.0	3783.0	9094.0	14815.0	20546.0	28947.0	40272.0	55501.0	77489.0	116399.0	199628.0	451827.0	1252944.0	478765.0
	7.0	8.0	9.0	10.0	11.0	12.0	13.0	14.0	15.0	16.0	17.0	18.0	19.0	20.0	21.0	22.0	23.0	24.0	25.0	26.0	27.0	28.0	29.0	30.0	31.0	32.0	33.0	34.0	35.0
X2rL41_post_raw_2	1.0	0.0	0.0	7.0	16.0	18.0	46.0	1503.0	5765.0	2506.0	3540.0	6914.0	5492.0	5033.0	5577.0	7152.0	10370.0	17155.0	21811.0	28385.0	36534.0	46892.0	59784.0	75874.0	102569.0	151738.0	272641.0	754877.0	1130142.0
	17.0	18.0	19.0	20.0	21.0	22.0	23.0	24.0	25.0	26.0	27.0	28.0	29.0	30.0	31.0	32.0	33.0	34.0	35.0
X2rL41_pre_raw_1	3.0	6.0	21.0	97.0	475.0	1810.0	4032.0	9323.0	15425.0	21492.0	30848.0	43032.0	60548.0	86884.0	135860.0	242150.0	521743.0	1084905.0	256601.0
	9.0	10.0	11.0	12.0	13.0	14.0	15.0	16.0	17.0	18.0	19.0	20.0	21.0	22.0	23.0	24.0	25.0	26.0	27.0	28.0	29.0	30.0	31.0	32.0	33.0	34.0	35.0
X2rL41_pre_raw_2	1.0	3.0	12.0	14.0	24.0	897.0	5053.0	2583.0	3520.0	6689.0	5435.0	4778.0	5293.0	6711.0	9392.0	14946.0	19607.0	26154.0	34846.0	44398.0	56651.0	74632.0	101966.0	153119.0	281726.0	768648.0	888157.0
	16.0	17.0	18.0	19.0	20.0	21.0	22.0	23.0	24.0	25.0	26.0	27.0	28.0	29.0	30.0	31.0	32.0	33.0	34.0	35.0
X2rL42_post_raw_1	2.0	1.0	4.0	16.0	90.0	528.0	1796.0	3600.0	8103.0	12495.0	17323.0	23869.0	32393.0	44159.0	61770.0	91297.0	158888.0	357493.0	1014651.0	404799.0
	8.0	9.0	10.0	11.0	12.0	13.0	14.0	15.0	16.0	17.0	18.0	19.0	20.0	21.0	22.0	23.0	24.0	25.0	26.0	27.0	28.0	29.0	30.0	31.0	32.0	33.0	34.0	35.0
X2rL42_post_raw_2	1.0	0.0	5.0	8.0	19.0	30.0	1173.0	4491.0	1757.0	2888.0	5784.0	4585.0	4297.0	4909.0	6361.0	8895.0	14028.0	17459.0	22779.0	29095.0	36736.0	46762.0	59646.0	80889.0	118975.0	215289.0	602650.0	943766.0
	15.0	16.0	17.0	18.0	19.0	20.0	21.0	22.0	23.0	24.0	25.0	26.0	27.0	28.0	29.0	30.0	31.0	32.0	33.0	34.0	35.0
X2rL42_pre_raw_1	1.0	1.0	2.0	8.0	29.0	133.0	566.0	2006.0	4473.0	9774.0	16193.0	22426.0	30845.0	42461.0	56835.0	80267.0	122794.0	217169.0	481589.0	1157064.0	390461.0
	6.0	7.0	8.0	9.0	10.0	11.0	12.0	13.0	14.0	15.0	16.0	17.0	18.0	19.0	20.0	21.0	22.0	23.0	24.0	25.0	26.0	27.0	28.0	29.0	30.0	31.0	32.0	33.0	34.0	35.0
X2rL42_pre_raw_2	1.0	0.0	2.0	2.0	6.0	10.0	19.0	33.0	1189.0	5178.0	2396.0	4047.0	8389.0	6141.0	5408.0	6039.0	7810.0	10954.0	16857.0	21757.0	28418.0	36793.0	45727.0	57628.0	72870.0	96909.0	140819.0	248815.0	685308.0	1125572.0

